column,start,length
filer_id,1,9
amendment,10,1
report_type,11,3
election_type,14,1
microfilm_location,15,11
transaction_type,26,3
contributor_lender_transfer,29,34
city,63,18
state,81,2
zipcode,83,5
occupation,88,35
transaction_month,123,2
transaction_day,125,2
transaction_century,127,2
transaction_year,129,2
amount,131,7
other_id,138,9
fec_record,147,7
